0.000000 1733.600000 1069.900000 1021.532500
2.000000 1704.900000 1244.500000 1378.687500
4.000000 1704.900000 1244.500000 1378.687500
6.000000 1704.900000 1244.500000 1378.687500
8.000000 1704.900000 1244.500000 1378.687500
10.000000 1641.500000 1314.000000 1666.628000
12.000000 1921.300000 1328.500000 1770.503500
14.000000 1727.400000 1404.700000 1951.798500
16.000000 1732.600000 1366.400000 1954.453000
18.000000 1732.600000 1366.400000 1954.453000
20.000000 1737.200000 1374.600000 1971.752000
22.000000 1622.000000 1547.000000 2391.329000
24.000000 1623.200000 1551.100000 2401.534500
26.000000 1623.500000 1552.400000 2404.909000
28.000000 1623.500000 1552.400000 2404.909000
30.000000 1624.300000 1553.600000 2408.291000
32.000000 1624.300000 1553.600000 2408.291000
34.000000 1624.400000 1554.800000 2411.685000
36.000000 1624.400000 1554.800000 2411.685000
38.000000 1625.200000 1556.000000 2415.091000
40.000000 1625.200000 1556.000000 2415.091000
